1161 1525
247 65
134 46
272 45
257 54
200 65
100 62
219 62
285 65
304 65
377 65
266 65
154 66
278 84
417 131
566 131
1387 130
1444 130
1606 119
1617 130
1629 130
1713 130
1752 131
1768 130
1875 130
1981 130
1993 130
2038 130
2059 130
2076 119
296 131
402 120
738 131
848 120
953 131
1002 120
1063 120
1182 131
1204 120
1267 119
1372 119
1403 131
1539 120
2117 120
2197 122
1279 134
1551 134
2105 133
1050 134
2089 134
2173 134
88 135
180 135
200 135
323 135
436 135
509 135
524 135
550 139
597 135
631 135
664 135
864 135
884 135
912 135
984 135
1016 135
1034 135
1099 135
1142 135
1168 135
1220 135
1242 139
1266 135
1306 139
1327 135
1344 135
1359 135
1371 134
1418 135
1459 135
1476 135
1589 135
1657 139
1676 135
1693 135
1732 135
1819 135
1845 135
1862 135
1913 135
1934 134
1966 135
2019 135
2074 134
2116 135
2133 135
2153 134
121 140
161 136
232 136
256 136
274 136
360 136
387 136
468 136
493 136
580 136
687 136
719 136
825 136
1001 135
1079 135
1203 135
1538 135
1783 140
104 137
141 136
216 136
342 136
703 136
847 136
932 136
1062 136
1191 136
1884 136
753 136
2185 141
1112 145
1737 173
1932 173
2060 173
329 163
445 174
653 174
1005 174
1251 174
1675 174
1796 174
2137 174
2157 174
2172 162
86 163
207 163
250 164
390 163
510 163
698 175
925 175
960 175
1318 163
160 175
1597 175
1955 176
642 177
1307 177
1366 177
1658 177
1902 176
2035 176
943 177
1081 177
1159 178
1918 178
1970 178
2075 178
2092 177
2187 178
86 178
194 179
207 178
297 179
321 183
367 184
403 179
427 179
496 179
527 178
548 183
611 179
627 179
720 179
852 179
883 179
909 179
1032 179
1098 179
1123 179
1141 178
1211 179
1230 178
1293 179
1351 179
1380 179
1426 179
1450 178
1474 179
1621 178
1642 179
1695 178
1711 178
1752 179
1774 178
1815 178
1839 178
1865 179
1885 178
1987 178
2003 183
2020 179
2119 178
2173 178
103 179
123 184
178 179
224 179
250 179
271 179
346 179
390 179
467 180
575 180
593 179
668 184
743 179
825 179
868 179
979 179
1059 184
1173 180
1189 179
1277 179
1318 179
1333 179
1407 179
2200 178
136 186
424 217
670 217
1828 206
1894 217
2179 217
162 218
361 218
580 218
621 218
713 218
848 218
858 218
1068 218
1135 206
1187 207
1241 218
1321 218
1407 218
1553 206
105 219
309 218
900 210
907 210
923 218
1693 220
1782 220
1964 220
87 221
139 221
752 221
1008 220
1147 220
1224 221
1339 220
1362 220
1540 221
1628 221
1876 220
2102 220
1843 221
1950 221
439 222
1262 222
1378 222
1463 222
1570 222
1592 222
1677 222
1717 221
1743 222
1797 222
1829 221
1915 222
1979 222
1995 222
2012 222
2028 222
2065 221
2086 222
2149 222
2167 221
2189 221
125 223
182 223
201 227
241 223
260 223
278 223
326 223
396 223
476 223
513 223
538 222
565 227
594 223
637 223
656 223
680 222
695 223
738 223
817 223
834 223
871 223
940 223
956 223
973 223
992 227
1024 223
1041 223
1086 223
1105 222
1123 223
1135 222
1188 222
1200 223
1282 223
1302 227
1425 223
1553 222
1643 222
1659 222
1764 222
2123 222
222 228
345 224
378 223
456 223
494 223
1162 228
2201 228
882 229
289 229
408 232
607 232
906 261
1718 260
1959 260
2070 260
443 262
626 261
638 261
673 261
885 261
895 250
1118 261
1255 261
1264 250
1392 261
1432 261
1586 250
1639 261
1733 249
1788 261
1862 261
157 262
255 262
464 262
480 251
700 251
1221 250
356 251
964 254
970 254
1059 262
1157 262
1557 262
2053 263
1690 264
2105 264
2145 264
291 264
511 265
1322 264
139 265
1375 265
1607 265
1666 265
1732 264
1762 265
1807 265
1843 265
1878 265
1919 270
1941 265
1980 265
2015 265
2090 265
2124 265
2166 265
2182 265
2196 265
97 266
178 266
204 266
275 266
307 266
333 266
394 266
424 266
495 266
525 266
553 266
610 266
654 266
749 266
818 266
842 266
869 270
986 266
1002 266
1019 270
1036 266
1089 266
1175 266
1192 266
1208 266
1222 266
1277 266
1292 266
1307 266
1337 266
1354 265
1412 270
1459 266
1586 265
1747 266
1825 265
1898 265
123 267
232 271
356 266
373 266
480 266
573 266
593 266
700 266
717 266
930 267
946 266
1073 266
1478 265
1231 274
956 275
1932 303
917 304
1377 307
1464 304
1608 293
1774 304
1825 304
1993 304
131 305
142 294
376 305
447 294
487 305
531 294
630 294
690 305
1001 294
1190 308
1229 305
1294 294
1339 305
1349 304
1398 305
1413 305
1874 293
119 294
1206 306
2102 305
497 297
1176 298
1183 298
565 307
2182 306
153 308
263 308
900 307
1067 308
1756 307
459 308
1947 308
2051 313
2068 308
2197 308
413 309
508 309
663 309
1015 309
1030 309
1147 309
1249 309
1278 309
1428 309
1445 309
1542 309
1560 309
1580 308
1608 308
1625 309
1646 309
1662 308
1678 309
1697 309
1713 309
1730 308
1795 309
1844 308
1861 309
1889 308
1904 309
1965 308
2012 308
2030 309
2120 308
2151 308
2167 308
98 310
168 310
194 314
248 310
278 310
294 309
309 309
328 310
347 310
397 310
431 314
446 309
474 310
532 309
548 309
580 310
600 309
618 310
630 309
645 309
704 310
725 310
743 309
826 309
851 310
867 310
885 309
936 310
952 309
967 310
986 314
1000 309
1053 310
1090 309
1108 309
1126 309
1308 310
1325 309
1363 314
1874 309
119 310
141 310
230 310
754 309
1478 309
2080 315
1162 317
1776 347
1821 347
2076 347
156 348
262 349
289 348
301 337
1186 348
1221 348
1242 348
1315 348
1351 348
1398 348
1587 336
1646 348
1761 348
1872 336
1908 336
221 349
278 337
357 337
610 348
727 348
815 337
929 337
1480 340
588 349
883 349
1938 350
313 350
1060 351
1273 351
1335 350
1540 350
1679 350
2111 350
345 351
962 351
1146 352
1258 352
1468 352
1572 352
1605 351
1697 352
1729 352
1801 352
1849 352
1923 352
1954 352
1972 351
2002 352
2035 352
2054 352
2095 352
2126 352
2147 351
2168 352
2186 352
96 353
119 353
137 353
186 352
202 353
242 353
277 352
300 352
329 353
373 353
394 352
427 357
446 352
482 357
515 353
540 352
633 353
650 353
667 353
749 353
851 357
905 356
977 353
1009 353
1073 353
1098 353
1117 352
1298 353
1371 352
1426 352
1452 357
1556 352
1587 352
1627 353
1746 352
1872 352
1890 352
1908 352
357 353
463 353
499 353
701 353
814 353
831 353
929 353
945 353
1044 358
1787 352
2200 360
561 359
412 391
551 391
595 391
737 392
834 391
846 391
1122 391
1233 391
1454 380
1752 391
1994 380
254 392
264 381
279 392
311 392
495 381
972 381
1069 392
1107 392
1182 392
938 393
346 395
534 394
639 395
891 394
949 395
1165 395
1270 395
1283 395
1328 394
1351 394
1432 394
1555 394
2137 394
1601 395
1617 395
1693 395
1732 395
1800 395
1829 395
1860 395
1938 395
1958 395
1984 395
2025 395
2046 395
2074 395
2173 395
2192 395
203 396
298 396
426 396
626 396
678 396
876 396
905 396
985 396
1014 400
1032 396
1202 396
1254 396
1298 396
1314 396
1367 396
1383 395
1399 401
1417 396
1455 396
1471 396
1540 396
1569 395
1585 396
1635 396
1652 395
1667 396
1712 396
1784 396
1880 396
1903 395
2008 395
2100 396
2120 396
95 397
118 397
133 396
147 397
177 396
234 397
264 396
326 401
362 397
385 396
399 397
444 401
461 397
477 397
496 396
511 396
570 397
613 396
660 401
701 397
817 397
859 397
972 396
1049 397
1088 397
1138 401
220 397
848 389
753 396
916 403
2149 404
1586 434
2087 423
2135 435
2168 423
2179 434
650 435
871 436
897 436
1022 435
1646 424
1657 435
1668 424
1985 435
231 436
271 424
352 436
706 436
947 424
1156 436
1292 428
1298 428
1853 437
87 438
1005 438
1225 438
260 439
334 439
936 439
1624 439
1724 439
1742 439
1837 439
1896 439
1939 439
1966 439
2006 439
2025 439
2046 444
2063 439
2087 438
2154 439
2168 439
309 445
436 440
637 440
663 440
680 440
736 440
751 440
984 445
1124 440
1239 440
1264 440
1545 440
1567 439
1599 440
1646 439
1668 439
1683 440
1699 439
1760 444
1777 440
1812 439
1868 440
1913 439
2104 439
2194 444
102 441
118 441
143 441
161 441
187 440
215 445
245 441
271 440
288 440
372 441
402 445
420 440
455 446
472 440
487 441
512 441
554 440
577 441
593 440
608 441
720 441
826 441
852 441
921 441
947 440
964 440
1041 441
1063 440
1078 441
1101 440
1139 440
1179 441
1196 445
1212 440
1284 447
1913 478
2086 478
2175 478
525 479
1607 467
1728 479
1770 479
1851 467
1989 479
108 481
123 480
294 480
412 480
555 468
1058 480
454 469
693 469
717 469
870 480
930 469
1946 481
2158 481
1352 482
1409 482
162 483
323 482
363 483
704 483
908 482
977 482
1041 483
1192 482
1595 482
1752 482
1709 483
1925 483
1962 483
2045 483
2065 482
2195 483
178 484
394 484
429 484
637 484
657 489
1002 484
1017 484
1136 484
1237 484
1329 484
1369 484
1395 484
1425 484
1445 488
1474 484
1541 484
1557 484
1577 484
1607 483
1624 484
1643 484
1670 488
1692 484
1790 484
1814 484
1834 483
1851 483
1873 483
1898 484
2007 484
2026 488
2113 484
2133 483
89 485
137 485
207 485
225 485
251 484
278 489
308 484
337 485
378 485
469 484
510 485
540 484
555 484
571 484
592 489
619 485
676 484
716 484
731 484
749 484
891 484
928 488
945 485
963 485
1078 485
1094 484
1109 484
1153 485
1168 485
1212 484
1271 484
1294 485
1312 489
1598 476
453 485
490 485
692 485
1235 522
1247 522
134 523
145 523
254 523
889 523
1151 512
1284 523
1437 523
1579 523
106 524
228 524
348 524
364 524
470 524
486 512
719 524
904 512
1057 524
1454 512
123 513
1267 525
1466 525
1611 525
405 526
535 526
559 526
1138 527
1366 527
1540 527
1597 527
1665 527
1682 527
1706 527
1724 526
1797 527
1824 527
1841 526
1856 527
88 528
159 528
187 528
207 528
270 528
286 528
301 528
329 528
379 528
422 528
521 528
608 528
628 528
651 528
685 528
734 528
750 528
816 528
853 528
870 528
905 527
921 528
942 533
969 528
986 528
1002 527
1105 528
1122 528
1151 528
1189 533
1217 528
1304 528
1332 532
1350 528
1393 528
1411 528
1454 527
1559 528
1627 528
1646 527
1743 528
1762 527
122 528
451 529
485 532
502 528
576 529
702 528
834 533
1077 533
1168 528
1028 527
1478 527
1868 534
1426 566
1725 566
2016 566
160 567
175 567
246 567
438 567
481 567
557 567
906 567
953 567
1001 567
1091 567
1123 567
1192 567
1397 567
1412 556
1437 567
1741 555
1777 567
1995 567
2005 555
127 557
264 556
686 556
827 556
1597 567
225 568
1902 569
2137 569
405 570
517 570
539 570
674 570
737 570
889 570
1174 570
1323 570
464 570
816 570
1970 570
2089 570
2182 570
2197 570
1025 571
1268 571
1369 571
1451 571
1626 571
1673 571
1694 576
1797 571
1813 570
1839 571
1855 570
1870 571
1887 571
1920 571
1938 570
1954 571
2040 571
2071 571
2123 571
2151 570
2166 571
90 577
127 572
140 572
277 572
302 572
376 572
391 572
420 572
502 572
578 572
595 572
611 572
640 576
659 572
720 572
751 572
865 577
972 572
986 572
1072 572
1110 572
1211 572
1227 571
1242 572
1285 572
1300 572
1343 571
1412 571
1467 571
1652 572
1742 571
1757 576
2005 571
2025 571
111 573
190 577
264 572
320 572
340 577
359 577
686 572
700 572
827 572
844 572
926 573
1010 572
1053 577
1148 571
1478 571
2101 580
200 578
1477 610
1618 610
1687 610
1897 610
1942 610
2048 610
2063 598
2097 610
153 611
210 611
268 612
310 611
398 611
548 600
665 611
752 611
968 611
997 611
1009 600
1093 611
1308 611
1328 611
1344 599
1767 611
1989 599
118 601
952 600
985 600
1034 600
1220 600
1387 600
708 601
1463 612
1699 613
1880 613
2030 613
856 614
1022 614
1207 614
1375 614
1750 614
171 614
452 615
491 615
686 619
1259 620
1558 615
1604 615
1674 615
1714 615
1730 614
1787 615
1840 615
1917 615
1960 614
1975 615
2064 614
2080 614
2120 615
2152 619
2171 615
2187 614
134 621
196 616
287 616
324 616
417 616
436 620
535 616
548 616
564 616
651 616
721 616
738 616
884 620
905 616
939 616
1034 616
1066 616
1108 616
1126 616
1161 616
1237 615
1288 616
1344 615
1359 616
1387 616
1404 616
1425 616
1541 616
1577 615
1631 616
1649 616
1816 615
1858 620
1989 615
2006 615
2106 615
97 616
118 616
223 617
240 617
340 617
355 617
380 617
477 617
518 616
585 621
612 616
631 616
707 616
817 617
838 616
923 617
952 616
986 616
1009 616
1049 617
1189 616
1220 616
2199 614
2132 624
1441 623
191 655
1386 655
1600 654
1643 654
1702 654
1822 643
1997 654
2098 654
266 656
312 644
384 655
401 644
410 655
490 655
631 655
678 644
819 656
1214 655
1340 655
1434 644
1551 644
223 656
571 645
703 645
926 645
1464 647
1685 657
1834 657
1915 657
2027 657
2081 657
207 658
1197 658
1323 658
1540 658
1071 658
1260 664
1475 659
1615 659
1722 659
1877 659
1930 659
1954 658
2011 659
2042 659
2058 659
2118 659
2145 659
2163 659
2184 658
96 660
151 660
174 660
304 660
328 660
425 660
510 660
543 660
607 665
649 660
665 660
678 660
718 660
738 660
879 660
904 660
962 660
1001 660
1018 660
1087 660
1118 660
1143 660
1174 660
1234 660
1278 660
1294 660
1360 660
1420 660
1434 660
1451 659
1550 659
1565 660
1584 660
1632 659
1659 664
1756 659
1778 660
1797 664
1822 659
1858 660
1897 659
1982 664
119 661
136 661
243 661
284 660
360 660
401 660
449 665
468 661
571 660
587 660
691 661
703 660
839 661
859 665
926 660
942 660
986 660
1035 661
1054 665
1105 660
1159 660
1405 660
2199 659
753 660
1306 669
1379 699
1736 698
1968 698
2066 698
265 699
414 699
660 699
748 699
897 688
968 699
1328 699
1426 699
1805 687
1979 699
2020 698
2148 687
141 700
158 688
359 700
453 700
500 688
935 700
953 688
984 688
1900 699
320 700
1794 701
2135 701
997 702
1245 702
1312 702
2003 702
2111 701
222 703
1122 702
1467 703
1575 707
1616 703
1690 703
1719 703
1778 703
1821 703
1842 702
1861 703
1919 703
1936 703
1953 703
2041 703
2080 703
2097 703
2147 703
2169 702
2195 703
96 704
195 708
289 704
546 704
562 704
617 704
643 704
730 704
897 703
913 704
1013 704
1039 708
1108 704
1137 704
1186 704
1213 704
1230 704
1287 704
1350 704
1412 704
1451 704
1541 704
1557 704
1596 703
1636 703
1656 704
1674 704
1760 704
1805 703
122 704
157 704
174 704
236 704
253 705
275 704
338 704
379 704
396 704
471 704
486 704
499 704
516 704
578 704
598 704
682 705
707 704
819 705
868 704
952 704
984 704
1074 704
1091 708
1163 704
1271 704
1397 704
1435 704
843 705
1478 710
299 711
428 712
1872 710
1820 741
905 742
1606 742
1682 742
1807 742
1835 730
1984 742
2046 731
96 743
171 743
353 743
425 743
446 743
507 743
558 742
617 732
730 732
885 743
1020 743
1186 743
1214 743
1304 732
1454 731
2015 742
2120 731
674 731
921 732
1036 732
1386 732
815 744
1001 745
1467 745
1912 745
2058 745
2109 745
136 746
154 746
611 746
664 745
952 746
1117 745
1956 746
1970 746
519 747
966 747
1234 747
1259 747
1343 751
1372 747
1561 747
1581 747
1620 747
1661 746
1726 746
1778 747
1794 747
1836 746
1852 747
1878 747
1899 747
1926 746
1940 747
2000 747
2034 747
2047 746
2075 746
2094 747
2120 746
2135 747
2155 746
121 748
190 748
205 747
219 748
270 748
285 747
300 748
321 747
335 748
373 748
391 748
408 748
459 748
494 748
541 748
576 748
592 748
631 747
649 747
674 747
689 748
708 747
730 747
746 747
833 747
865 747
936 748
1051 748
1081 747
1102 747
1136 747
1155 747
1171 748
1288 752
1304 747
1321 747
1386 747
1401 747
1416 748
1437 747
1454 747
1542 752
1608 739
1640 747
1707 752
1747 747
1764 747
248 748
477 748
922 748
1037 748
2184 746
1478 756
979 757
2122 785
199 786
285 786
444 786
622 786
655 786
849 786
860 786
895 786
1274 787
1360 774
1435 775
1452 786
1573 786
1885 786
103 787
554 775
735 787
1019 789
1215 775
1468 789
2188 788
86 789
258 789
1313 789
2105 788
344 790
548 789
639 790
751 789
1375 790
1593 790
1613 790
1664 790
1803 790
1818 790
1836 790
1925 790
1945 790
1970 790
1996 790
2035 790
2064 790
2081 789
2141 790
2156 790
2173 790
178 791
272 791
304 791
322 791
365 791
515 790
529 791
608 791
676 791
876 791
926 791
948 791
969 791
988 791
1114 790
1139 791
1232 790
1254 791
1348 790
1360 790
1404 791
1421 791
1435 790
1548 790
1684 791
1721 790
1744 791
1761 790
1776 791
1852 790
1867 791
2017 790
122 792
146 796
164 791
221 792
240 791
383 791
419 791
463 792
479 791
493 792
569 792
589 791
696 792
715 796
817 792
835 791
1036 796
1054 792
1079 791
1167 792
1193 791
1215 791
1296 791
1331 796
1644 796
2199 789
1153 791
1479 800
1900 799
396 800
1012 829
1601 829
1741 829
1792 818
1923 829
2138 829
2156 818
245 830
284 819
371 830
396 819
492 830
545 818
656 818
1064 830
1116 830
1222 818
1252 829
231 819
454 831
1649 830
627 822
1197 831
603 831
1843 831
2120 832
615 833
959 833
1129 832
1234 832
1315 832
2000 832
1960 833
2068 833
2195 837
898 834
1346 834
1381 838
1458 834
1476 834
1541 834
1582 834
1667 834
1689 834
1709 833
1776 834
1791 834
1809 833
1861 834
1904 834
2030 834
2050 833
2086 833
2155 833
2173 833
87 835
104 835
124 834
151 835
170 834
188 835
212 834
264 835
284 834
306 834
383 835
396 834
411 834
429 834
472 835
511 835
530 834
544 834
560 835
636 835
655 834
677 834
724 835
741 835
817 835
837 839
859 839
879 835
915 834
930 835
977 835
1031 835
1077 835
1099 835
1145 839
1221 834
1275 835
1297 835
1400 834
1417 835
1438 839
1561 834
1760 834
1884 834
1982 834
2102 839
230 835
333 839
355 835
577 835
704 839
753 834
1616 840
587 841
1157 842
2084 872
1698 872
1944 872
131 873
271 873
305 873
505 873
546 873
626 873
747 873
903 862
989 873
1543 873
1590 861
1606 873
1821 861
2096 862
2132 873
99 863
115 874
258 863
366 874
470 862
836 874
949 874
1040 874
1172 862
1475 875
1733 875
1833 875
1926 875
2149 875
165 876
288 876
523 876
1215 876
1978 876
1184 876
1339 877
1354 877
1577 877
1717 877
1784 877
1903 877
1963 877
2032 877
2048 877
2112 881
2164 877
2183 876
87 878
145 878
181 878
203 878
324 878
404 883
419 878
449 878
486 883
601 878
660 878
729 878
856 878
882 877
903 877
970 878
1010 878
1026 878
1074 878
1122 878
1200 878
1231 878
1257 882
1298 877
1323 878
1370 877
1389 883
1406 878
1422 878
1445 878
1461 878
1561 878
1590 877
1624 878
1640 878
1672 877
1747 878
1799 877
1821 877
1863 877
1887 878
2008 877
99 878
219 879
237 883
258 878
471 878
565 879
583 878
694 879
712 883
816 879
917 879
934 878
1049 878
1095 878
1140 878
1158 878
1173 878
1765 878
2199 876
1895 915
2023 915
2076 915
2169 915
705 916
849 916
1714 916
1757 916
1817 905
1828 916
1839 904
1936 916
2040 905
104 917
206 917
234 917
271 906
390 917
469 917
693 917
836 917
875 917
927 917
1053 917
1104 917
1153 906
1412 906
1538 905
222 906
245 906
326 906
86 919
751 919
1443 919
1697 918
1954 918
2094 919
259 920
372 920
1035 920
1734 920
2056 925
2187 920
141 921
187 921
302 921
411 921
522 921
538 921
736 921
984 926
1001 921
1138 921
1224 921
1262 921
1305 921
1346 925
1365 920
1381 921
1398 921
1428 921
1458 921
1475 921
1555 920
1576 925
1602 925
1621 921
1770 921
1795 920
1817 920
1839 920
1854 921
1870 920
1916 925
1979 921
1996 920
2040 920
2123 920
2149 921
125 922
158 922
270 921
285 922
327 922
343 922
439 921
454 922
483 922
503 926
555 921
570 922
625 922
646 921
676 922
719 922
819 922
895 926
945 921
963 922
1074 922
1122 921
1154 922
1170 921
1204 921
1243 921
1278 921
1325 926
1412 921
1538 921
1641 921
222 922
245 922
1671 920
1965 920
597 921
2008 920
2199 927
1014 930
1580 959
1714 959
1843 959
1939 959
2081 959
2166 948
207 960
409 960
443 960
656 960
832 960
886 949
945 961
1133 960
1749 960
2134 948
134 961
506 961
616 961
909 952
1069 949
1558 960
572 950
1536 953
1543 953
1731 962
2064 962
2116 962
426 963
867 963
898 963
1667 963
1910 962
2008 962
117 964
189 963
814 964
1058 964
1099 963
1697 964
1827 964
1925 964
1959 964
2022 964
2134 964
2147 964
2166 964
2183 963
87 965
296 965
313 965
392 965
526 965
551 965
638 965
852 965
920 965
981 965
1000 964
1026 965
1084 965
1114 965
1600 964
1626 969
1645 965
1768 965
1794 969
1812 964
1855 964
1872 965
1893 964
1978 965
1995 964
2040 964
2100 964
102 966
154 966
169 965
226 966
246 965
273 966
351 966
367 966
463 966
487 966
586 966
603 966
677 966
695 966
730 966
886 965
964 966
1043 966
1069 965
333 966
572 966
2198 963
1147 972
1578 1003
1714 1003
2156 1003
89 1005
285 1004
552 1004
590 1004
747 1005
1228 1004
1293 993
1466 993
1633 1004
1662 993
1749 1004
1760 993
1777 1004
1858 993
2001 992
2027 992
163 1005
205 1005
356 1005
471 994
495 994
622 993
922 994
1174 994
2094 993
688 994
871 1005
1846 1006
2197 1006
268 1007
320 1007
1116 1007
1265 1007
1453 1007
2014 1006
127 1008
146 1008
250 1008
339 1008
483 1008
634 1007
714 1008
935 1008
965 1008
1614 1008
1733 1008
1797 1008
1830 1008
1924 1008
1943 1008
1963 1013
2044 1008
2066 1008
2108 1008
2136 1008
2179 1008
183 1009
305 1009
398 1009
416 1009
451 1014
528 1009
655 1009
701 1009
893 1009
1004 1009
1022 1009
1076 1009
1190 1014
1209 1009
1249 1009
1311 1009
1357 1009
1377 1009
1415 1009
1435 1008
1466 1008
1542 1009
1563 1009
1595 1008
1662 1008
1680 1008
1760 1008
1814 1008
1858 1008
1894 1009
1984 1008
2001 1008
2027 1008
2094 1008
110 1010
218 1010
235 1010
376 1010
494 1009
509 1009
570 1010
609 1010
622 1009
674 1009
729 1010
922 1009
984 1010
1042 1010
1098 1009
1158 1009
1174 1009
1279 1009
1293 1009
1875 1009
688 1010
1477 1008
1128 1018
1327 1018
312 1047
1379 1048
1935 1036
2157 1047
85 1037
165 1048
345 1048
863 1048
1147 1048
1205 1037
1306 1048
1405 1037
1543 1048
1638 1048
452 1049
717 1049
852 1037
1771 1040
1777 1040
1870 1048
1958 1040
1964 1040
1996 1040
1454 1049
1974 1049
2178 1050
435 1051
667 1051
699 1051
751 1051
959 1051
1021 1051
1105 1051
1129 1051
1182 1051
1346 1051
1694 1050
1986 1050
329 1052
203 1052
1473 1052
1562 1052
1597 1052
1680 1052
1722 1052
1752 1052
1794 1052
1810 1052
1827 1056
1844 1052
1888 1052
1905 1052
1922 1052
1935 1052
2007 1052
2027 1052
2045 1052
2066 1056
2087 1056
2107 1052
2123 1052
2138 1052
2194 1052
85 1053
128 1053
149 1053
271 1053
295 1053
365 1053
395 1053
421 1053
498 1053
514 1053
530 1052
544 1053
564 1053
602 1057
620 1058
638 1053
654 1053
680 1053
737 1053
817 1053
878 1053
897 1057
915 1053
973 1052
988 1053
1005 1053
1069 1053
1088 1053
1167 1053
1205 1052
1218 1053
1253 1053
1278 1053
1295 1052
1331 1053
1361 1052
1406 1053
1422 1052
1658 1057
1707 1052
1737 1053
101 1053
180 1058
220 1054
245 1053
480 1054
582 1054
836 1058
852 1053
931 1058
1043 1053
1316 1053
1945 1059
1763 1062
1468 1091
1542 1091
1592 1091
1905 1091
1921 1080
1936 1091
1951 1079
1995 1091
2016 1080
2095 1091
534 1092
983 1095
1171 1081
1232 1092
1364 1080
1647 1080
1866 1080
102 1093
338 1092
354 1081
410 1081
694 1081
921 1081
1313 1092
1336 1095
1669 1084
1283 1094
1028 1094
1963 1093
2126 1094
86 1095
321 1095
518 1095
895 1095
1092 1095
1150 1095
1215 1094
1629 1094
1659 1094
483 1095
568 1095
2057 1095
2194 1095
554 1096
1252 1096
1378 1096
1560 1096
1613 1096
1680 1096
1701 1096
1789 1096
1815 1096
1832 1095
1847 1096
1921 1095
1951 1095
1977 1096
2032 1095
2075 1095
2112 1096
2141 1096
2159 1095
2178 1096
122 1097
152 1097
180 1096
204 1097
219 1097
239 1097
256 1097
282 1096
307 1097
371 1096
391 1101
410 1096
427 1096
468 1097
497 1097
618 1097
633 1097
668 1097
709 1101
748 1097
816 1097
834 1097
876 1096
913 1096
935 1097
951 1097
1011 1096
1054 1096
1076 1097
1117 1101
1135 1096
1188 1096
1365 1096
1403 1097
1423 1096
1452 1096
1647 1096
1719 1096
1737 1096
1756 1096
1866 1096
1883 1096
2017 1096
137 1097
355 1097
449 1097
594 1097
694 1097
730 1097
855 1097
1171 1097
1477 1096
1326 1103
1346 1105
1573 1105
1299 1103
1714 1134
2008 1134
537 1135
596 1136
816 1136
1342 1124
1428 1124
1559 1135
1897 1123
2087 1135
144 1136
283 1136
299 1124
419 1124
673 1136
716 1136
876 1124
1038 1136
1265 1125
1276 1136
1662 1127
1668 1127
1690 1136
234 1137
485 1137
1178 1137
2067 1137
86 1139
1113 1138
1330 1138
2154 1138
128 1139
699 1139
751 1139
863 1139
1374 1139
1598 1139
1614 1139
1728 1139
1809 1139
1846 1139
1929 1139
1954 1143
2030 1139
2050 1139
2176 1139
312 1140
432 1140
911 1141
941 1140
985 1140
1098 1140
1128 1140
1228 1140
1248 1144
1265 1140
1342 1140
1357 1140
1445 1145
1463 1140
1541 1140
1580 1140
1643 1140
1744 1140
1758 1140
1779 1140
1793 1140
1826 1144
1867 1140
1884 1140
1897 1139
1911 1139
1972 1140
1986 1140
2115 1140
2133 1140
2193 1139
102 1141
164 1141
189 1140
252 1141
299 1140
336 1141
355 1141
383 1145
412 1140
448 1141
501 1141
521 1141
553 1141
571 1141
610 1141
631 1141
652 1140
736 1141
830 1141
847 1141
876 1140
892 1140
964 1141
1005 1140
1060 1141
1080 1141
1145 1140
1196 1140
1292 1141
1312 1145
1412 1140
1428 1140
1629 1140
1477 1140
1654 1147
210 1148
461 1150
1156 1148
1387 1150
2179 1178
2190 1178
300 1179
1348 1180
1671 1179
1691 1179
1706 1167
1808 1179
1934 1168
2009 1179
2045 1167
386 1169
466 1180
563 1180
578 1181
733 1180
818 1181
883 1169
1262 1168
333 1181
88 1182
125 1176
133 1181
241 1176
249 1181
1570 1182
1734 1182
1767 1182
163 1183
317 1183
380 1183
704 1183
854 1183
1249 1182
1313 1183
1440 1183
2032 1183
2077 1183
2166 1183
1142 1184
1456 1184
1540 1184
1583 1184
1607 1184
1706 1183
1720 1184
1747 1184
1782 1184
1826 1184
1856 1184
1882 1184
1900 1184
1914 1184
1934 1183
1955 1184
2044 1184
2060 1183
2100 1184
2116 1184
178 1185
204 1188
282 1185
353 1185
407 1185
432 1185
509 1185
526 1185
548 1185
603 1185
621 1185
637 1185
656 1185
674 1185
718 1185
838 1185
870 1184
882 1184
900 1184
939 1185
981 1189
1003 1189
1023 1184
1055 1185
1070 1185
1087 1185
1104 1185
1181 1185
1214 1185
1233 1185
1261 1184
1297 1185
1328 1185
1395 1185
1422 1185
1476 1184
1555 1184
1628 1189
1652 1184
1983 1189
2144 1184
107 1186
223 1186
485 1186
689 1186
748 1190
959 1185
1038 1186
1163 1185
1199 1185
1278 1185
142 1187
258 1187
2199 1190
445 1194
1471 1223
1815 1223
1852 1223
1943 1223
1983 1223
2060 1223
2102 1223
2155 1223
144 1224
159 1213
248 1224
369 1224
386 1225
602 1224
969 1224
1203 1224
2118 1212
445 1225
570 1213
618 1213
1596 1224
1834 1226
189 1227
952 1227
1005 1226
1252 1226
1349 1226
1409 1227
583 1227
2075 1227
893 1228
1025 1228
1233 1228
1378 1228
1653 1228
1687 1228
1707 1227
1727 1228
1743 1228
1797 1228
1904 1228
1930 1228
1958 1228
1996 1228
2021 1228
2047 1228
2118 1228
2134 1228
90 1233
124 1229
159 1228
174 1229
270 1229
331 1229
415 1228
431 1229
460 1229
480 1233
499 1229
515 1229
636 1228
667 1229
716 1229
734 1229
750 1228
819 1229
838 1229
858 1229
877 1228
914 1229
932 1229
990 1229
1042 1229
1080 1229
1096 1229
1127 1228
1173 1229
1189 1229
1217 1229
1269 1229
1292 1229
1311 1229
1331 1228
1363 1228
1395 1229
1431 1229
1450 1228
1620 1229
1871 1228
108 1229
222 1229
306 1229
352 1229
555 1229
618 1229
697 1234
1062 1229
1155 1230
2184 1227
1768 1228
1971 1228
2184 1267
205 1268
436 1268
1638 1267
1755 1267
1792 1256
1841 1267
1994 1267
2035 1267
164 1268
857 1257
1108 1256
1193 1268
1270 1268
1351 1256
99 1257
333 1257
366 1257
1051 1269
890 1271
1167 1271
1219 1270
1939 1271
1957 1271
2054 1271
2070 1271
404 1277
535 1272
907 1272
974 1272
1146 1277
1239 1272
1338 1272
1363 1272
1413 1272
1453 1272
1473 1272
1550 1272
1575 1272
1622 1276
1653 1272
1698 1272
1724 1271
1740 1272
1769 1272
1803 1272
1862 1272
1920 1276
1978 1276
2008 1272
2089 1272
2115 1272
2140 1272
2166 1272
87 1273
116 1273
148 1277
179 1277
250 1273
303 1273
344 1273
377 1273
462 1273
485 1273
500 1273
818 1277
836 1273
869 1272
930 1273
947 1277
1006 1272
1073 1273
1093 1277
1120 1272
1311 1273
1389 1277
1434 1272
1593 1276
1671 1277
1886 1272
225 1278
268 1273
2199 1271
1026 1279
566 1280
1262 1311
1938 1310
2047 1310
2162 1310
221 1311
371 1311
389 1311
481 1311
649 1311
869 1311
912 1311
1032 1311
1070 1311
1090 1311
1104 1300
1220 1311
1235 1311
1294 1311
1349 1311
1541 1311
1558 1299
1624 1311
1750 1311
1762 1311
1800 1311
1857 1311
1873 1299
719 1300
813 1300
958 1300
142 1312
1588 1313
1816 1313
204 1314
852 1314
1131 1313
1333 1313
1369 1315
1573 1315
1604 1315
1674 1315
1835 1315
1888 1315
1905 1315
1959 1315
1997 1315
2028 1315
2069 1315
2121 1315
2178 1315
2196 1314
166 1315
187 1316
241 1316
258 1316
279 1316
296 1315
311 1316
354 1316
404 1316
422 1316
441 1316
460 1316
496 1316
513 1316
534 1315
550 1316
565 1316
581 1316
599 1316
630 1316
670 1316
700 1316
736 1316
888 1316
945 1316
975 1315
993 1316
1016 1316
1051 1316
1117 1316
1145 1316
1166 1316
1184 1316
1204 1316
1281 1316
1310 1320
1392 1315
1423 1316
1441 1316
1461 1315
1558 1315
1657 1315
1711 1315
1735 1316
1873 1315
1979 1315
2095 1315
329 1316
615 1316
686 1316
720 1316
823 1316
930 1316
959 1316
1104 1316
752 1315
1477 1315
1773 1322
2137 1324
1965 1354
747 1355
860 1354
899 1354
1283 1355
1382 1354
1704 1354
2135 1354
123 1355
213 1355
261 1355
309 1343
470 1355
933 1344
974 1355
1122 1343
1298 1343
1537 1343
339 1348
544 1357
1222 1357
1330 1357
1587 1357
1687 1357
1739 1357
196 1357
814 1358
882 1358
1725 1358
1842 1358
1921 1358
2042 1358
2074 1358
2171 1358
2187 1358
173 1359
437 1359
496 1359
530 1359
649 1359
1139 1359
1176 1359
1254 1359
1315 1359
1346 1359
1362 1359
1411 1359
1430 1359
1456 1358
1538 1359
1554 1358
1573 1359
1602 1359
1621 1359
1641 1359
1658 1359
1791 1359
1818 1358
1862 1358
1896 1358
1939 1363
1984 1359
2015 1358
2059 1358
2119 1359
2152 1358
88 1360
108 1360
157 1360
234 1360
279 1359
295 1360
309 1359
326 1360
350 1360
374 1359
390 1360
413 1359
513 1364
559 1360
585 1360
629 1364
673 1360
697 1360
713 1359
728 1360
828 1360
845 1360
919 1360
934 1359
947 1359
992 1359
1009 1359
1030 1365
1057 1360
1073 1359
1089 1360
1112 1359
1160 1364
1298 1359
1767 1359
2098 1359
139 1360
453 1360
2198 1358
1477 1358
1671 1368
605 1369
1188 1369
1794 1397
2159 1397
84 1398
164 1398
205 1399
1252 1398
1453 1398
1560 1398
1576 1398
1718 1386
1927 1386
1989 1398
2040 1386
2118 1398
265 1399
517 1387
596 1399
704 1388
873 1387
922 1388
980 1399
1100 1399
1168 1388
1417 1387
1867 1387
1027 1400
1056 1400
1231 1399
1612 1400
2188 1400
530 1401
543 1401
1406 1401
1932 1401
2101 1401
248 1402
403 1401
962 1402
1162 1402
1590 1402
1963 1402
2058 1402
2078 1406
2137 1402
2173 1402
132 1408
150 1403
312 1403
387 1403
432 1403
471 1403
617 1403
637 1407
657 1403
682 1403
741 1403
888 1403
903 1403
999 1403
1141 1403
1183 1403
1204 1403
1336 1403
1352 1403
1369 1403
1430 1403
1474 1403
1541 1403
1628 1403
1653 1403
1669 1403
1685 1403
1703 1402
1718 1402
1735 1402
1755 1407
1772 1403
1808 1403
1825 1402
1851 1402
1867 1402
1881 1403
1899 1403
2011 1403
2034 1402
99 1404
116 1403
179 1408
226 1408
286 1404
332 1404
352 1404
370 1403
417 1403
452 1403
495 1403
518 1403
557 1404
574 1403
704 1403
721 1403
819 1408
837 1404
858 1403
874 1403
922 1403
938 1403
1123 1403
1272 1404
1304 1403
1388 1404
1417 1403
2199 1402
753 1410
1043 1410
1070 1410
1078 1412
2089 1441
1252 1441
1691 1441
1732 1441
1931 1441
2006 1441
2174 1441
183 1430
355 1442
412 1442
427 1431
556 1431
573 1442
625 1442
635 1442
728 1442
857 1442
950 1442
1040 1442
1206 1430
1399 1442
1434 1430
85 1443
885 1442
1019 1442
1362 1444
1538 1444
1647 1444
1714 1444
2157 1444
172 1445
691 1445
711 1445
921 1445
996 1444
1195 1445
1865 1444
232 1445
1956 1445
2194 1445
199 1451
906 1446
1125 1446
1141 1446
1220 1446
1238 1446
1326 1446
1348 1446
1472 1450
1553 1446
1569 1445
1598 1450
1674 1446
1751 1446
1787 1446
1813 1446
1832 1445
1851 1446
1889 1446
1917 1446
1992 1446
2021 1446
2063 1445
2108 1446
2128 1445
102 1447
142 1447
158 1447
183 1446
217 1447
249 1447
267 1446
280 1447
303 1447
320 1447
335 1447
371 1447
391 1447
428 1446
444 1447
465 1451
488 1447
506 1451
526 1447
542 1446
556 1447
593 1447
611 1447
651 1451
676 1447
748 1447
816 1447
836 1446
937 1447
983 1447
1060 1447
1092 1446
1158 1447
1177 1447
1206 1446
1265 1447
1295 1447
1311 1446
1379 1447
1420 1451
1435 1446
1451 1446
1617 1446
1634 1446
1974 1451
123 1447
966 1451
2034 1455
1277 1456
1471 1485
1849 1484
1895 1484
1925 1484
1936 1484
2057 1484
2149 1484
86 1485
876 1485
992 1485
1004 1485
1371 1473
1751 1485
1947 1473
1975 1485
2100 1485
147 1474
158 1486
215 1486
236 1486
342 1475
569 1486
704 1486
831 1486
1181 1486
1275 1486
944 1478
1832 1487
2083 1487
552 1488
734 1488
1309 1488
485 1488
604 1488
814 1489
1048 1488
1164 1488
1604 1489
1687 1494
1720 1489
1800 1489
1910 1489
1961 1489
2016 1489
2036 1489
2120 1489
2170 1489
2187 1488
199 1490
256 1490
312 1490
379 1490
401 1490
416 1490
432 1490
501 1490
518 1490
532 1490
647 1490
667 1494
748 1490
851 1490
903 1490
955 1490
977 1490
1018 1490
1070 1490
1124 1489
1150 1490
1201 1490
1226 1489
1253 1494
1294 1490
1324 1490
1349 1489
1371 1489
1407 1490
1431 1490
1450 1489
1540 1490
1559 1494
1577 1494
1629 1489
1655 1490
1670 1489
1704 1489
1774 1490
1869 1490
1947 1489
1989 1490
100 1491
131 1490
173 1495
276 1495
343 1490
359 1490
449 1491
468 1495
589 1491
627 1495
688 1491
719 1490
931 1495
1033 1491
1091 1490
1387 1490
2199 1488
1928 1528
216 1529
227 1529
305 1529
387 1530
468 1529
669 1530
728 1529
884 1518
1023 1529
1070 1529
1130 1517
1214 1518
1275 1529
1340 1517
1393 1529
1453 1517
333 1530
349 1518
706 1530
1989 1531
411 1532
1440 1532
1767 1531
451 1533
1958 1532
2058 1532
2185 1532
530 1533
1235 1533
1262 1533
1356 1538
1373 1533
1470 1533
1548 1533
1575 1533
1596 1532
1633 1533
1663 1537
1682 1533
1698 1533
1718 1537
1752 1533
1782 1533
1799 1532
1815 1533
1837 1532
1857 1533
1886 1533
1906 1533
1974 1533
2003 1533
2020 1533
2039 1537
2078 1533
2108 1533
2126 1532
2142 1533
2170 1532
89 1534
109 1534
135 1534
160 1534
185 1534
201 1534
241 1534
264 1534
284 1534
427 1534
488 1534
513 1534
557 1534
604 1534
637 1534
748 1534
816 1534
834 1534
852 1534
870 1534
884 1533
901 1534
921 1534
952 1534
970 1534
986 1534
1042 1534
1083 1534
1101 1533
1130 1533
1146 1534
1177 1534
1197 1534
1214 1533
1289 1534
1330 1533
1411 1534
1617 1534
1736 1534
349 1534
365 1534
585 1539
2198 1532
998 1540
683 1541
1110 1542
1301 1543
2035 1571
2075 1571
661 1573
752 1572
1255 1572
1537 1572
1622 1573
1700 1572
1846 1572
2125 1572
2174 1561
89 1573
171 1562
290 1573
595 1573
988 1573
1106 1573
1132 1573
1438 1573
223 1574
277 1562
443 1574
1038 1574
1656 1565
1662 1565
1678 1573
1420 1575
1475 1575
1923 1575
2057 1575
578 1576
712 1576
929 1576
969 1576
206 1577
258 1576
1237 1577
1281 1577
1374 1577
1459 1577
1552 1577
1570 1577
1586 1577
1603 1577
1721 1577
1764 1577
1812 1577
1829 1576
1874 1577
1909 1577
1939 1577
1964 1577
1989 1577
2018 1577
2095 1577
2144 1576
2160 1577
2174 1576
2191 1576
151 1578
185 1578
377 1578
395 1578
414 1578
487 1578
514 1582
534 1578
553 1578
615 1578
639 1578
697 1578
735 1578
837 1578
853 1578
890 1578
910 1578
943 1578
1008 1578
1072 1578
1091 1578
1114 1577
1152 1578
1204 1577
1303 1578
1324 1577
1343 1577
1392 1578
1749 1577
1788 1577
1892 1582
111 1579
131 1583
171 1578
243 1579
277 1578
311 1583
331 1579
352 1579
462 1579
680 1579
818 1583
871 1578
1057 1578
1178 1578
1636 1584
2067 1616
1354 1617
1453 1617
1543 1616
1638 1617
1669 1616
1681 1616
1894 1605
1927 1605
1953 1604
2083 1605
2097 1616
2110 1616
148 1617
196 1606
259 1617
372 1617
409 1617
525 1606
594 1617
655 1617
931 1617
971 1617
1016 1606
1056 1617
1073 1606
1089 1617
1105 1606
1654 1605
1869 1605
103 1618
326 1606
2196 1618
1767 1619
1882 1619
1940 1619
2033 1619
85 1620
391 1620
953 1620
1117 1620
444 1621
577 1621
1473 1621
1564 1621
1602 1621
1696 1621
1713 1620
1729 1621
1798 1621
1815 1621
1836 1620
1855 1621
1894 1620
1926 1620
1953 1620
1985 1621
2018 1621
2083 1621
2125 1621
2142 1620
2158 1621
2178 1620
123 1622
166 1621
182 1622
196 1621
239 1622
279 1622
304 1622
340 1622
358 1622
429 1622
465 1622
483 1622
511 1622
540 1622
556 1622
614 1622
640 1626
670 1622
704 1622
741 1622
824 1622
851 1622
869 1622
884 1622
914 1622
991 1622
1017 1621
1105 1621
1134 1622
1161 1626
1197 1622
1215 1622
1242 1621
1269 1626
1289 1622
1311 1622
1333 1621
1384 1622
1401 1622
1421 1621
1583 1621
1654 1621
1749 1621
1869 1621
1911 1621
1968 1622
213 1622
326 1622
688 1623
722 1622
1033 1622
1073 1622
752 1622
896 1661
1354 1660
1365 1660
1439 1660
1578 1649
1701 1660
1791 1660
1979 1660
1995 1660
2112 1660
2183 1648
122 1661
173 1650
243 1661
402 1661
533 1661
579 1661
722 1661
738 1661
1004 1661
1041 1661
1083 1661
1173 1650
1644 1649
1826 1652
1832 1652
1947 1660
2068 1652
106 1662
649 1653
686 1662
924 1650
1416 1661
2075 1652
2090 1661
1474 1663
1611 1663
1683 1663
1889 1663
516 1664
828 1664
2195 1664
660 1665
1459 1665
1562 1665
1593 1664
1624 1665
1659 1665
1720 1665
1742 1665
1777 1665
1805 1665
1852 1665
1873 1665
1904 1665
1920 1665
1964 1665
2015 1665
2039 1664
2132 1665
2148 1664
2162 1665
2182 1664
87 1666
136 1666
160 1666
173 1665
198 1670
228 1666
293 1666
314 1666
340 1666
358 1666
378 1666
418 1666
437 1666
455 1666
491 1665
553 1666
608 1666
636 1670
707 1666
814 1666
845 1666
863 1665
878 1666
941 1666
1025 1666
1056 1666
1097 1666
1115 1665
1138 1665
1189 1666
1222 1665
1243 1666
1269 1665
1294 1666
1321 1666
1339 1666
1378 1666
1542 1670
1577 1665
1643 1665
1760 1670
274 1671
471 1666
924 1666
978 1666
1173 1666
2055 1671
752 1672
1817 1674
253 1675
1390 1673
488 1705
1023 1704
1364 1704
1428 1704
1789 1693
1852 1704
1903 1693
1978 1704
2017 1704
2121 1704
2192 1695
270 1694
307 1705
509 1705
613 1694
1046 1694
1146 1705
1162 1705
1195 1705
1275 1705
2199 1696
143 1706
1961 1706
2047 1706
1675 1707
257 1708
1059 1708
1620 1713
1726 1708
1827 1713
1940 1713
2031 1708
2061 1708
2077 1708
2141 1708
2156 1708
2172 1708
186 1709
403 1709
529 1709
548 1713
649 1709
1005 1709
1087 1709
1106 1709
1215 1709
1244 1709
1291 1709
1310 1709
1327 1709
1344 1709
1449 1709
1470 1708
1570 1709
1587 1713
1644 1709
1661 1709
1690 1709
1706 1708
1742 1709
1758 1709
1780 1708
1807 1708
1873 1709
1896 1708
1919 1708
1997 1709
2100 1713
166 1709
231 1710
284 1710
340 1710
379 1715
423 1710
472 1710
584 1710
614 1709
629 1709
672 1710
686 1710
702 1710
719 1710
737 1714
847 1710
866 1714
911 1710
939 1710
957 1709
974 1710
1046 1710
1128 1709
1260 1710
1401 1710
1546 1709
212 1715
445 1715
822 1710
752 1709
2184 1715
878 1719
2055 1748
418 1749
1236 1749
1320 1748
1616 1748
1675 1748
1709 1748
1857 1748
2138 1748
156 1749
306 1749
369 1749
387 1749
733 1749
832 1749
952 1749
964 1749
1116 1737
1204 1749
1337 1737
1377 1749
1593 1748
670 1750
702 1738
447 1750
2197 1750
1104 1751
1350 1751
1652 1751
1934 1751
697 1752
814 1752
1168 1752
85 1753
593 1752
1837 1752
1908 1752
1951 1752
2074 1752
873 1753
978 1753
1007 1753
1408 1753
1473 1753
1637 1753
1690 1753
1754 1753
1771 1753
1787 1753
1805 1753
1822 1752
1878 1753
1894 1752
2013 1753
2033 1752
2118 1753
2158 1753
2179 1752
100 1754
123 1754
170 1754
186 1753
257 1754
291 1758
348 1754
401 1754
497 1754
512 1754
528 1754
552 1754
575 1754
608 1754
639 1754
718 1758
855 1754
890 1754
919 1754
937 1754
1024 1754
1040 1754
1070 1754
1088 1754
1116 1753
1133 1753
1152 1754
1184 1754
1257 1758
1288 1754
1337 1753
1390 1753
1435 1753
1739 1753
1987 1753
2091 1753
206 1755
223 1754
320 1755
468 1758
747 1759
140 1763
481 1763
332 1764
1822 1791
1834 1791
1252 1792
1335 1792
1448 1792
1574 1792
1632 1793
1678 1792
1727 1780
1772 1792
1794 1792
1809 1781
1968 1781
2025 1792
146 1793
364 1793
594 1793
688 1793
817 1793
904 1793
1049 1782
1126 1781
1170 1782
1208 1782
1263 1793
1351 1781
1648 1781
83 1783
455 1782
1311 1785
1321 1793
983 1794
1305 1786
1363 1795
1557 1795
2009 1795
129 1796
723 1796
1115 1796
1196 1796
577 1796
1718 1801
1949 1796
2046 1796
1002 1797
1019 1797
1183 1797
1221 1797
1239 1797
1414 1797
1466 1797
1541 1797
1594 1797
1610 1796
1663 1797
1694 1797
1740 1797
1758 1797
1810 1796
1847 1797
1863 1797
1878 1797
1897 1796
1916 1797
1933 1797
1985 1797
2075 1796
2098 1797
2148 1796
2172 1797
2191 1796
100 1798
166 1798
196 1802
230 1798
246 1798
262 1798
281 1798
301 1798
388 1798
406 1798
424 1798
472 1798
492 1798
536 1797
562 1798
614 1798
639 1798
667 1802
708 1798
738 1798
845 1798
872 1802
922 1798
957 1798
1036 1798
1079 1798
1099 1802
1127 1797
1154 1798
1208 1797
1281 1802
1351 1797
1389 1798
1431 1797
1648 1797
1968 1797
2115 1802
84 1798
214 1798
318 1799
347 1799
441 1798
456 1798
940 1803
1049 1798
751 1797
885 1804
1291 1804
1477 1806
505 1807
1059 1807
263 2023
465 2024
887 1945
566 1946
809 2040
2029 1995
1291 1996
1470 1996
1873 1995
1941 1996
2076 1980
2151 1981
1341 1981
1444 1996
1491 1981
1543 1981
1237 1997
1527 1999
2166 1999
1703 2001
1819 2001
1840 2001
1995 2001
2123 2007
1362 2001
1388 2008
1419 2002
1563 2002
1589 2001
1623 2002
1644 2002
1671 2001
1724 2001
1746 2002
1778 2002
1899 2002
1920 2001
1974 2002
2057 2001
2075 2001
2096 2002
2151 2001
144 2056
652 2055
981 2055
1115 2053
1264 2003
1319 2002
1340 2002
1490 2002
1508 2003
1541 2002
888 2053
567 2054
2178 2010
1598 2045
1836 2045
2070 2044
2049 2046
1258 2046
355 2058
737 2058
1331 2049
1491 2050
1471 2051
1757 2051
1800 2051
1942 2051
2002 2051
2023 2051
2121 2051
1311 2052
1358 2052
1379 2052
1406 2057
1430 2052
1511 2052
1532 2052
1563 2052
1624 2052
1647 2052
1670 2051
1696 2057
1733 2052
1778 2052
1865 2052
1899 2051
1978 2057
2087 2052
1452 2052
1679 2043
1955 2056
1946 2094
1326 2095
1524 2096
1551 2096
1571 2080
1627 2090
1961 2095
1659 2097
1608 2099
1864 2099
1811 2107
1836 2101
1892 2101
1924 2101
2028 2101
2054 2101
2078 2101
2157 2101
2175 2101
1233 2102
1256 2102
1277 2102
1299 2102
1342 2102
1363 2102
1439 2102
1465 2101
1500 2102
1571 2101
1589 2102
1681 2102
1708 2102
1733 2101
1761 2102
1978 2102
2000 2101
2106 2101
2137 2102
1398 2102
1785 2102
1625 2111
1216 2249
1295 2247
800 2595
1233 2246
1551 2277
1587 2277
1645 2259
1708 2259
1798 2259
1949 2259
2094 2277
113 2278
150 2278
186 2278
279 2260
384 2278
658 2260
675 2278
1525 2267
1621 2278
85 2268
212 2261
693 2261
1683 2279
1920 2278
2028 2278
2170 2278
261 2279
1813 2283
2062 2283
2127 2283
534 2284
1732 2284
1764 2284
1861 2284
1894 2284
1947 2289
2004 2284
235 2285
279 2285
304 2285
416 2285
448 2285
490 2285
567 2290
602 2285
634 2285
658 2284
716 2285
1645 2284
1972 2285
212 2285
338 2285
693 2285
1013 2288
974 2290
1023 2285
1050 2296
255 2291
1290 2301
1291 2315
1612 2341
1887 2340
1925 2340
1985 2322
2050 2322
171 2341
188 2323
273 2323
1959 2341
109 2342
237 2324
1684 2341
2032 2341
255 2343
1823 2346
2074 2346
1546 2347
1578 2347
1644 2347
1727 2347
1759 2347
1792 2347
2007 2347
2050 2347
2107 2347
144 2348
188 2347
298 2348
397 2353
430 2348
508 2348
537 2347
566 2348
1984 2347
213 2348
237 2348
273 2348
332 2348
359 2338
464 2348
1009 2347
1219 2394
1847 2357
359 2358
1255 2376
1259 2376
1267 2376
1028 2382
1538 2386
1767 2403
1793 2385
1949 2385
2072 2403
208 2404
526 2404
1635 2404
233 2404
1247 2384
1273 2385
1932 2404
2045 2404
298 2405
396 2405
1238 2385
1729 2405
1158 2409
1022 2392
1279 2389
1815 2409
1538 2410
1561 2410
1602 2409
1669 2410
1702 2409
1793 2409
1843 2409
1870 2410
1905 2415
1950 2409
2006 2415
2105 2410
108 2411
142 2410
174 2410
258 2411
326 2411
370 2411
424 2410
459 2416
584 2411
618 2410
662 2415
695 2411
728 2410
1973 2410
1413 2407
938 2420
1010 2422
1245 2429
989 2430
939 2431
999 2431
1254 2431
1276 2450
1255 2441
1756 2447
1884 2465
1947 2465
338 2466
567 2470
634 2448
699 2471
465 2449
211 2468
244 2468
482 2468
1224 2454
1233 2454
1245 2455
1255 2456
1266 2457
936 2471
1702 2471
2033 2471
2122 2471
405 2472
510 2472
1548 2477
1610 2472
1670 2472
1733 2472
1779 2471
1812 2476
1858 2472
1923 2477
1986 2472
2065 2471
2095 2471
2149 2461
150 2473
184 2472
272 2473
373 2473
439 2478
609 2473
633 2472
658 2473
1755 2472
113 2473
464 2473
999 2464
2148 2486
298 2487
1166 2518
913 2494
1021 2499
917 2502
913 2508
1701 2527
1924 2509
1567 2528
1647 2528
2004 2510
313 2529
372 2529
499 2529
1540 2529
1974 2529
344 2530
1200 2515
977 2514
977 2519
1601 2534
1678 2534
1788 2534
1820 2534
1900 2534
1924 2533
1948 2534
2026 2534
181 2535
285 2535
407 2535
547 2535
592 2535
636 2535
1724 2534
1756 2534
1866 2540
2004 2534
106 2536
144 2535
211 2535
239 2536
450 2536
905 2543
903 2557
974 2558
902 2559
997 2559
882 2687
1577 2590
1698 2590
1929 2589
531 2591
1602 2572
1621 2572
552 2592
1630 2591
1664 2596
1993 2596
409 2597
1546 2596
1601 2596
1743 2597
1775 2596
1818 2601
1849 2597
1883 2596
1960 2597
2028 2601
107 2598
140 2597
174 2597
207 2598
239 2598
274 2602
308 2597
342 2598
376 2597
441 2598
474 2598
499 2607
1676 2634
1996 2652
544 2653
576 2653
559 2636
1659 2654
313 2655
1830 2658
2139 2658
1546 2659
1666 2646
1700 2658
1734 2664
1788 2659
1887 2659
1930 2659
1962 2658
2051 2658
2093 2659
144 2660
174 2659
212 2660
255 2660
286 2660
341 2660
374 2660
416 2665
449 2660
513 2660
603 2660
1574 2659
1602 2659
1633 2659
1676 2659
1860 2659
110 2666
483 2660
559 2660
630 2650
631 2675
1180 2690
1165 2688
1166 2692
1950 2714
1796 2715
351 2716
560 2698
542 2717
1164 2731
1670 2721
1840 2726
1981 2721
2015 2721
2050 2726
1547 2722
1593 2727
1637 2722
1729 2722
1762 2721
1871 2722
1904 2722
139 2723
173 2723
218 2723
250 2728
284 2723
317 2723
405 2723
447 2723
493 2723
592 2723
635 2723
106 2729
559 2723
1153 2714
1153 2721
1158 2721
1158 2725
1693 2736
1153 2735
2181 2766
1665 2760
1984 2778
179 2761
240 2784
272 2761
383 2784
624 2761
687 2784
740 2767
1648 2779
162 2780
1723 2789
1819 2784
1919 2784
2040 2783
2128 2784
421 2785
520 2785
647 2785
895 2769
1552 2784
1589 2784
1665 2784
1689 2784
1777 2784
1849 2784
1876 2785
1951 2784
2082 2785
121 2786
180 2785
202 2786
273 2785
296 2785
330 2791
484 2785
563 2786
608 2785
1621 2785
454 2786
895 2771
1075 2774
899 2775
905 2782
1367 2798
2164 2793
723 2795
930 2798
1033 2791
1026 2792
1042 2800
945 2798
1088 2806
915 2805
1068 2808
1394 2807
1053 2810
1103 2809
912 2816
925 2816
1265 2836
1051 2817
886 2822
511 2836
1580 2835
1600 2835
1688 2835
1705 2834
1721 2835
1770 2835
1786 2835
1808 2835
1829 2834
1867 2835
141 2836
161 2836
222 2836
292 2836
312 2837
372 2836
398 2836
492 2836
531 2836
550 2836
610 2836
638 2836
1643 2835
1667 2835
1738 2835
1848 2836
201 2837
243 2836
263 2836
333 2837
352 2836
441 2836
457 2836
474 2836
571 2836
1548 2835
109 2836
1337 2851
175 2843
626 2843
651 2843
1614 2843
1881 2844
416 2845
585 2846
1308 2850
1052 2869
1666 2873
1717 2873
1781 2872
1817 2872
1930 2872
296 2873
638 2873
655 2873
1538 2873
1556 2873
1576 2873
1596 2872
1631 2873
1647 2873
1688 2873
1738 2873
1765 2873
1799 2872
1840 2873
1874 2873
1892 2872
1912 2872
140 2874
155 2874
172 2874
194 2874
259 2874
276 2874
384 2874
404 2874
432 2874
487 2874
507 2874
527 2874
549 2874
599 2874
619 2874
1615 2873
1857 2873
101 2874
122 2874
216 2874
236 2874
313 2874
329 2874
344 2874
364 2875
454 2874
579 2874
951 2868
1096 2870
1060 2877
1200 2900
1942 2882
1048 2887
1045 2888
1107 2891
1054 2891
1028 2894
1774 2910
1827 2910
1919 2910
1934 2910
1971 2910
2043 2910
2059 2910
2074 2910
2094 2910
2115 2910
1540 2911
1561 2910
1579 2910
1595 2910
1615 2911
1633 2910
1651 2911
1665 2910
1680 2910
1698 2910
1727 2911
1747 2910
1794 2910
1814 2910
1843 2910
1860 2911
1881 2910
1901 2910
1990 2910
2011 2910
1950 2919
1459 2924
1469 2924
83 3007
104 3006
